image_width: 800
image_height: 600
camera_name: head_camera
camera_matrix:
  rows: 3
  cols: 3
  data: [665.261533, 0.000000, 398.277742, 0.000000, 663.375883, 297.613726, 0.000000, 0.000000, 1.000000]
distortion_model: plumb_bob
distortion_coefficients:
  rows: 1
  cols: 5
  data: [0.083565, -0.189480, 0.003071, 0.000076, 0.000000]
rectification_matrix:
  rows: 3
  cols: 3
  data: [1.000000, 0.000000, 0.000000, 0.000000, 1.000000, 0.000000, 0.000000, 0.000000, 1.000000]
projection_matrix:
  rows: 3
  cols: 4
  data: [668.199585, 0.000000, 397.770224, 0.000000, 0.000000, 668.422607, 298.381393, 0.000000, 0.000000, 0.000000, 1.000000, 0.000000]
