image_width: 1280
image_height: 800
camera_name: narrow_stereo
camera_matrix:
  rows: 3
  cols: 3
  data: [2288.494816, 0.000000, 816.589423, 0.000000, 2313.527117, 255.052613, 0.000000, 0.000000, 1.000000]
distortion_model: plumb_bob
distortion_coefficients:
  rows: 1
  cols: 5
  data: [0.480735, -1.986872, -0.011949, 0.004873, 0.000000]
rectification_matrix:
  rows: 3
  cols: 3
  data: [1.000000, 0.000000, 0.000000, 0.000000, 1.000000, 0.000000, 0.000000, 0.000000, 1.000000]
projection_matrix:
  rows: 3
  cols: 4
  data: [2346.446045, 0.000000, 815.955303, 0.000000, 0.000000, 2371.992188, 250.740660, 0.000000, 0.000000, 0.000000, 1.000000, 0.000000]
