image_width: 1280
image_height: 720
camera_name: head_camera
camera_matrix:
  rows: 3
  cols: 3
  data: [1111.860393, 0.000000, 644.168433, 0.000000, 1124.987321, 325.239400, 0.000000, 0.000000, 1.000000]
distortion_model: plumb_bob
distortion_coefficients:
  rows: 1
  cols: 5
  data: [0.070057, -0.281637, 0.006965, 0.012010, 0.000000]
rectification_matrix:
  rows: 3
  cols: 3
  data: [1.000000, 0.000000, 0.000000, 0.000000, 1.000000, 0.000000, 0.000000, 0.000000, 1.000000]
projection_matrix:
  rows: 3
  cols: 4
  data: [1100.321655, 0.000000, 658.812536, 0.000000, 0.000000, 1136.067139, 327.533514, 0.000000, 0.000000, 0.000000, 1.000000, 0.000000]
